4747
5220
0 3932
0 3937
2 3922
3 3871
3 4432
4 3902
5 4355
6 3821
9 3993
14 4246
17 3845
17 3888
19 4169
19 4280
22 3873
24 3853
24 3914
26 4714
30 3829
30 4025
32 4277
33 4581
38 4382
39 4437
46 3831
46 4395
48 3886
48 3964
48 4143
50 4669
56 3907
56 4263
58 4040
58 4278
60 3978
61 3880
63 4191
64 4247
66 3859
70 4281
72 3814
72 3817
73 3902
76 4496
77 3945
77 4728
79 4200
79 4261
79 4424
84 3810
85 4287
85 4522
85 4562
87 4442
88 3961
95 3823
95 3898
96 3942
98 3930
99 4360
105 4275
105 4743
106 4268
106 4429
107 3811
108 3856
108 3877
111 3824
111 3862
111 4710
112 4273
119 4488
121 3890
121 3962
121 4138
121 4490
121 4535
122 4253
125 3813
125 3905
126 3815
127 4738
128 4335
128 4709
135 3868
135 3903
135 4095
136 3839
137 3816
137 4381
137 4460
142 3974
143 4326
146 3820
146 3981
146 3985
146 3990
148 3999
149 3819
152 4082
153 3937
153 4116
154 4325
159 3954
161 4317
171 4463
174 3837
176 3844
187 4166
193 3886
193 3896
193 4136
198 3924
198 4397
200 4476
206 4420
207 3930
207 3995
214 3916
214 4473
215 3916
219 4021
219 4114
223 4411
231 4009
240 4011
249 4219
251 4016
258 4014
261 4015
264 4500
266 4017
266 4254
266 4310
272 3941
272 4019
275 4295
278 3827
279 4083
279 4140
281 3958
293 3928
293 3939
293 3980
293 4134
298 4158
306 4023
320 3907
331 3851
336 4026
340 4027
345 3849
345 4035
346 4616
349 4028
353 4029
364 4031
368 4032
371 4033
377 4034
381 3987
385 3875
387 3988
387 4493
388 4069
392 4048
397 4260
406 3944
412 4070
416 3854
416 4036
416 4284
416 4416
418 4333
420 4358
423 3900
424 3901
436 4401
445 4409
445 4696
449 4037
457 4038
461 4197
469 4041
475 4121
476 4043
482 4044
489 4045
503 4046
503 4482
508 4049
508 4292
513 4086
513 4088
513 4544
518 3894
520 4051
531 4054
531 4280
559 4058
571 4060
571 4302
578 3846
578 4645
580 4089
581 3925
587 4062
591 4063
593 3918
593 4565
599 4470
602 4155
610 4099
616 4149
617 3828
617 4096
620 4087
623 4276
626 4128
626 4591
638 4582
647 4074
650 4465
652 4530
656 4565
657 4474
660 4064
660 4613
660 4618
660 4627
682 4065
687 4066
691 4067
695 4068
704 4563
705 4560
708 4071
711 4073
712 4521
714 4072
715 4561
720 4340
721 4084
726 4207
732 4104
735 4122
737 4694
753 4290
803 4615
809 4090
809 4549
809 4624
829 4094
829 4533
833 4131
870 4102
873 4301
878 4103
879 4700
882 4289
885 3972
885 4390
886 4106
896 4105
911 4163
913 4457
914 4165
915 4159
942 4107
942 4109
944 3892
945 3935
946 4115
947 3840
947 3933
947 4132
948 4113
949 3911
950 3977
952 4117
953 3943
953 4638
965 3841
965 3934
967 3895
979 3912
979 4294
980 4296
980 4672
996 3957
998 3891
998 4118
1003 3952
1005 3956
1005 4209
1009 4179
1014 4203
1017 4250
1017 4579
1020 4119
1025 4307
1031 4120
1042 4123
1046 4721
1047 4125
1047 4640
1047 4717
1049 4407
1049 4566
1054 4126
1057 4153
1058 4428
1059 4151
1076 4129
1083 4133
1088 4135
1093 4137
1104 4139
1109 4141
1113 4142
1117 4144
1127 4288
1132 4146
1135 4148
1137 4412
1137 4580
1148 3983
1148 4152
1158 4154
1164 4156
1175 4286
1180 4162
1188 4170
1201 3982
1212 4174
1217 4175
1217 4495
1218 4649
1221 4192
1225 4632
1234 4176
1237 4177
1249 4739
1249 4741
1268 4181
1273 4554
1276 4182
1284 4183
1297 4184
1315 4186
1318 4187
1326 4189
1326 4604
1328 4188
1336 3976
1338 4193
1339 4194
1340 4195
1359 4198
1362 4316
1362 4621
1370 4201
1372 4202
1376 4204
1378 4206
1384 4208
1390 4210
1396 4211
1404 4212
1416 4216
1420 4217
1421 4389
1440 4657
1440 4695
1447 4223
1469 4588
1475 4304
1496 3917
1498 4516
1502 4607
1503 4248
1504 3882
1505 4541
1508 4577
1514 4702
1532 4252
1548 3968
1555 4256
1558 4257
1559 4464
1560 4258
1572 4539
1575 4515
1575 4635
1585 4266
1593 4270
1594 4272
1599 4321
1599 4328
1600 4324
1663 4347
1674 4285
1720 4348
1724 4350
1724 4601
1735 4354
1739 4353
1750 4313
1753 4314
1763 4315
1783 4357
1790 4320
1813 4359
1827 4361
1846 4363
1890 4323
1892 4410
1895 4365
1899 4366
1899 4569
1924 4291
1949 3965
1951 4388
1957 3818
1970 4595
1973 4337
1979 4445
1998 4398
2005 4308
2012 4400
2023 4402
2029 4334
2035 4585
2053 4221
2080 4408
2091 4720
2122 4419
2128 4421
2140 4423
2168 4435
2177 4462
2189 4440
2205 4297
2214 3842
2226 4481
2233 3966
2242 3955
2276 3869
2280 4050
2280 4258
2285 3878
2286 3909
2289 4680
2305 4444
2356 4449
2360 4450
2371 4453
2373 4454
2375 3947
2377 4160
2385 4455
2388 4456
2394 4164
2394 4471
2410 3989
2420 4459
2441 4662
2460 4468
2477 4469
2533 4485
2534 4486
2557 4492
2559 4494
2581 4504
2585 4505
2592 4506
2594 4507
2599 4508
2619 4509
2632 4513
2673 4520
2713 4527
2716 4528
2741 4532
2743 4534
2767 4538
2778 4540
2814 4545
2823 4546
2829 4548
2834 4550
2851 4558
2869 4564
2869 4742
2880 4571
2906 4571
2915 4572
2915 4573
2915 4586
2915 4637
2927 4574
2945 4193
2946 4587
2948 4600
2962 4583
2987 4590
2992 4592
3016 4598
3039 4647
3039 4707
3046 4718
3048 4653
3060 4605
3139 4622
3147 4626
3164 4630
3186 3926
3266 4654
3268 4655
3300 4660
3313 4663
3317 4664
3322 4665
3327 4666
3350 4668
3387 4674
3400 4339
3417 4682
3433 4691
3437 4692
3465 4694
3479 4698
3484 4699
3485 4701
3499 4704
3539 4711
3550 4712
3557 4713
3572 4715
3670 3874
3711 4568
3714 4100
3767 4547
3789 4744
3798 4745
3 3890
4 4130
28 4246
48 3815
50 3962
68 3875
70 4565
72 3845
72 3888
78 4246
83 3961
85 3943
86 4093
91 3810
121 4471
127 3951
128 3821
142 3938
153 3941
154 3937
154 4474
157 3833
158 3833
158 4011
160 3954
175 3839
184 4101
218 3922
223 4005
246 3923
251 3924
275 4741
279 3827
291 4021
296 3980
354 4029
372 4033
384 3985
388 3988
425 3901
450 4037
466 4040
469 4721
470 4041
491 4045
511 4544
513 3928
513 4134
521 4051
559 4088
560 4058
588 4062
605 4096
621 4082
629 4074
631 4086
661 4064
662 4064
663 4064
664 4064
691 4088
693 4067
709 4071
734 3902
793 4087
797 4087
811 4270
819 4090
834 4096
847 4099
866 4176
871 4100
879 4103
879 4420
890 4104
912 3926
942 4544
948 4109
951 3895
961 3840
961 3933
988 4114
1003 4325
1015 4143
1024 4493
1053 4125
1055 4126
1056 4126
1066 4128
1080 4131
1094 4137
1103 4140
1110 4141
1114 4142
1118 4144
1136 4148
1159 4154
1165 4156
1171 4157
1189 4170
1199 3983
1218 4175
1231 4187
1238 4177
1249 4316
1286 4183
1316 4186
1327 4189
1330 4191
1455 4223
1502 4416
1503 4721
1505 4288
1507 4381
1525 4250
1533 4252
1534 4252
1549 3968
1550 3968
1661 4277
1664 4347
1666 4281
1733 4353
1879 4322
1880 4322
1891 4323
1898 4365
1922 4710
2013 4400
2075 4407
2170 3995
2190 4440
2191 4440
2253 4442
2292 3972
2438 4460
2440 4513
2461 4468
2503 4477
2607 4510
2717 4528
2720 4530
2768 4538
2898 4571
3669 3882
3673 3893
3674 4721
3678 4516
3683 4709
3711 4358
3742 4115
3784 4113
53 4246
56 3871
66 3854
66 3882
108 3824
135 4381
193 4382
236 3845
236 3888
319 4087
345 4339
354 3821
384 4038
437 4401
467 4040
471 4041
478 4043
490 4045
532 4054
544 3877
570 4060
590 4062
599 4082
678 4086
692 4067
697 4068
763 4084
831 4094
849 4099
1100 4437
1207 4171
1526 4250
1551 3968
1551 4256
1595 4278
1630 4275
1639 4272
1660 4277
1665 4281
1740 4353
1922 4335
1997 4398
2015 4400
2103 4412
2115 4416
2179 4438
2272 3862
2650 4516
2719 4530
2744 4534
2769 4538
3538 4710
0 3996
1 3840
1 3870
1 3932
1 4109
1 4132
1 4316
1 4424
1 4661
2 3818
2 3846
2 3864
2 3996
3 3858
3 3861
3 3932
3 3950
3 3964
3 4738
4 3932
4 4335
4 4535
5 3864
6 3817
6 3837
6 3867
6 3932
6 4369
6 4488
6 4537
6 4642
7 4247
8 3905
9 3905
10 3810
10 3907
11 3903
11 4057
12 3817
12 3887
13 3873
13 4053
14 4250
16 3962
16 4250
16 4566
17 3824
17 4258
18 3962
18 4258
20 3905
21 3943
21 4263
22 4476
23 3810
23 4329
24 3817
24 3868
24 4472
25 3813
25 3918
25 3956
25 4338
25 4473
26 3824
26 3846
26 4323
27 4368
29 3905
31 3851
31 3914
31 4110
34 3905
35 3822
35 4316
35 4369
37 3824
38 3823
38 3862
38 3878
38 4190
38 4642
39 3814
40 3824
41 3810
42 3811
43 3823
43 3844
43 3877
43 3964
43 4298
43 4369
44 4259
45 3810
45 3956
45 3986
46 3833
46 3839
46 3880
46 4263
47 3905
48 3932
49 4064
49 4743
50 3884
51 3824
52 4325
53 4119
54 3813
55 4247
56 3821
56 3823
56 4180
56 4369
57 4714
59 3810
60 4119
60 4472
62 3962
62 4642
64 4284
65 3824
66 3813
66 3856
66 3875
66 3946
66 4301
66 4335
66 4338
68 3918
68 3931
69 3810
69 3844
69 4119
70 4174
72 3823
72 4369
73 3824
73 4223
74 3810
74 4594
74 4651
74 4739
75 3887
75 4439
75 4473
76 3814
76 3917
76 4095
76 4223
76 4263
76 4268
76 4479
77 4006
77 4367
77 4387
81 3810
81 4143
81 4174
81 4248
81 4409
81 4586
81 4714
82 4246
84 4082
85 4130
86 4035
86 4223
86 4445
87 3814
87 3868
88 4107
88 4187
88 4298
88 4706
89 3962
89 4389
89 4669
90 3905
92 3810
93 4247
95 3847
95 4119
95 4369
96 4103
96 4107
96 4298
96 4325
96 4476
96 4603
98 4361
99 3888
99 4301
99 4503
100 4247
101 3810
101 4297
101 4736
102 3810
102 3887
102 4046
102 4332
102 4381
103 3810
103 3999
104 3937
104 3943
105 4507
106 4327
106 4471
106 4627
107 4490
108 3813
108 4298
108 4361
109 4347
111 4387
113 3914
113 4472
114 4247
115 3931
116 3810
116 4082
117 3873
118 4247
118 4248
119 4387
120 4247
121 3901
121 4119
121 4298
123 3962
123 4561
123 4562
124 3814
124 3848
124 3951
125 3864
125 3887
125 3902
126 3922
126 3960
126 3964
127 3917
127 3960
127 4083
127 4339
128 3960
128 4263
128 4369
128 4495
129 3812
129 3884
129 3960
129 4007
129 4442
130 3844
130 4029
130 4680
131 3918
131 3959
131 4096
131 4429
132 3959
133 3815
134 3930
136 3817
136 3880
136 3886
136 4006
136 4049
136 4497
136 4515
136 4617
136 4645
136 4741
137 4472
139 3816
140 4325
142 3976
142 3980
143 3974
143 4294
143 4325
144 3974
144 4355
145 3974
145 4009
146 3831
146 3996
146 4193
146 4221
146 4447
147 3820
147 3948
148 3884
149 3866
150 3819
151 3880
151 3938
151 3941
152 3918
152 3938
152 4007
153 3922
155 3937
156 3963
158 3841
158 4422
159 3988
159 4158
159 4424
161 4223
163 3953
164 3953
165 3953
166 3836
167 3836
167 3980
168 3835
170 3835
171 3846
171 3890
171 4329
171 4361
172 3838
172 3946
173 3838
175 4369
176 3839
176 3862
176 3864
176 3910
177 3837
177 4367
178 3837
180 3829
181 3843
182 3812
184 3934
184 3999
185 3999
185 4136
186 4003
186 4200
189 3885
190 3885
191 3885
192 3885
193 3864
194 3886
195 3886
196 3886
197 3886
198 4003
199 4002
200 3812
202 3918
202 3963
203 3951
203 3964
203 4294
203 4297
204 3913
205 4709
206 3930
206 4021
206 4217
207 3934
207 4021
207 4132
208 3900
208 3930
210 3915
211 3915
212 3915
212 4104
212 4637
213 3915
215 4738
216 3870
216 3916
219 3922
219 4479
220 3922
221 4521
223 4408
224 4005
225 4737
226 4441
228 4008
229 4008
231 3864
231 4369
232 3924
232 4009
232 4261
232 4295
233 4009
234 4009
235 4009
235 4549
236 4009
239 4010
241 4011
242 4011
243 4011
244 4011
245 4442
245 4703
247 3923
249 3924
249 4669
250 3924
252 4012
253 4012
254 4013
255 4013
256 4013
256 4223
257 4013
259 4014
260 4014
262 4015
263 4015
264 4015
265 4016
266 4221
267 4017
268 4017
271 4018
272 3898
272 4434
273 4019
274 4019
275 3956
275 4019
275 4325
276 4019
276 4223
277 4019
279 4309
279 4384
279 4424
283 3918
288 3978
288 3986
290 4020
292 4021
293 4021
293 4424
295 3986
295 4445
297 3980
297 4035
297 4420
298 3980
298 3988
298 4670
300 4022
302 4022
303 4022
304 4022
305 4022
307 4023
308 4023
309 4023
310 3894
310 3946
310 4023
311 4023
312 3946
313 3883
315 3883
316 3884
316 3936
316 4140
316 4147
319 3906
319 3956
321 3907
321 4335
322 3812
322 3907
322 4087
323 3907
323 4318
323 4651
326 4024
327 4024
328 4024
329 4025
329 4503
330 4025
331 4035
332 3851
333 3851
334 3851
335 3851
338 4026
339 4026
340 4728
342 4027
342 4442
343 4027
343 4500
344 3947
345 3831
345 3948
345 4132
345 4483
345 4575
346 3948
346 4424
347 4522
348 3830
349 3875
350 4028
351 4028
352 4028
353 4422
354 4369
354 4397
355 4029
356 4029
356 4038
357 4029
357 4275
357 4575
358 4029
358 4051
358 4261
358 4298
360 4030
361 4030
363 4030
365 4031
366 4031
367 4031
369 4032
370 4032
373 4033
374 4033
374 4157
375 4033
376 4033
376 4316
378 4034
379 4034
380 3812
380 4035
380 4118
382 3985
382 3987
382 4110
382 4460
382 4735
383 3875
383 3987
383 4544
384 3987
385 3939
385 3987
385 4420
387 3910
387 4424
387 4460
389 3988
390 3988
391 3988
392 3988
392 4446
393 3988
393 4420
394 3939
394 3988
394 4158
394 4476
395 3988
396 3988
397 3988
397 4434
398 4460
398 4483
399 3984
400 3984
402 3984
403 3985
404 4602
404 4726
405 3985
405 4361
407 3944
408 3944
409 3945
410 3945
411 3853
411 4390
411 4568
412 3896
412 3940
412 4649
413 3940
414 3898
414 3940
415 3940
416 3903
416 4287
417 3941
417 4254
417 4298
418 3939
418 3941
418 4221
419 3941
419 4728
420 3941
420 4048
420 4050
420 4258
420 4383
421 3941
422 3939
422 3941
424 3839
424 4313
424 4339
424 4460
425 4488
426 3887
426 3901
427 3901
428 3888
428 3902
428 4298
431 3890
431 4190
431 4316
431 4738
432 3890
432 4339
432 4458
433 3890
434 3890
435 3821
435 4369
436 4442
436 4721
439 3887
440 3852
441 4136
441 4655
442 4498
443 4221
443 4258
444 3888
445 4094
445 4258
445 4543
445 4601
445 4719
447 4036
448 4611
450 4398
451 4037
452 4037
453 4037
454 4037
455 4037
456 4038
458 4038
459 4038
460 4038
461 3882
461 4038
461 4612
462 4038
463 4038
464 4038
469 4316
469 4584
469 4617
470 4316
473 3854
474 3854
474 3887
475 3854
475 4223
479 4043
480 4043
481 4043
483 4044
484 4044
485 4044
486 4044
486 4727
487 4044
488 4044
492 4045
493 4045
494 4045
495 4045
497 3845
497 3888
498 3888
499 3888
500 3888
500 4612
501 3888
502 3888
503 3936
503 4174
503 4295
503 4635
504 4046
505 4046
506 3887
506 4357
506 4739
507 4048
507 4519
508 4727
509 4049
510 4049
510 4430
511 4049
511 4050
512 4049
513 3856
513 3877
513 3898
513 3918
513 4634
514 3887
514 4357
515 3882
515 4607
516 4258
517 3882
517 3887
518 3882
518 4176
518 4420
519 3882
519 4504
522 4051
523 3995
523 4051
523 4537
524 4051
525 4053
526 4053
527 4053
528 4053
529 4053
530 4053
533 4054
534 4054
535 4054
536 4054
537 4054
538 4054
539 3993
540 4055
541 4055
542 3925
543 3856
544 3856
545 3856
545 3877
545 4223
545 4530
546 3856
546 3859
547 3856
547 3859
547 4281
548 3856
548 3859
552 4057
553 4190
554 4057
554 4103
554 4270
555 4057
556 4057
557 4057
558 4057
561 4058
562 4058
563 4058
564 4058
565 4058
565 4513
568 4060
569 4060
572 4060
573 4060
573 4222
574 4060
575 3887
576 3846
576 3912
576 4473
577 3846
577 4283
577 4316
577 4357
577 4621
578 4196
579 3846
579 3878
580 4116
580 4261
580 4458
582 3925
583 3925
584 3925
585 3925
586 3925
587 3898
587 3899
587 3939
587 4513
588 3898
588 3899
588 4566
589 3898
589 4062
590 3898
591 3898
591 3899
591 3939
592 4063
592 4566
593 3898
593 3899
593 3939
593 4327
594 3875
594 4543
596 4157
597 4358
598 3918
598 4441
598 4703
599 4164
600 3918
600 4672
601 3918
602 3874
602 4126
602 4410
603 4083
604 3918
604 4083
605 4476
606 4082
607 3918
608 4190
609 3918
610 3918
610 4441
611 3918
611 4474
612 4327
613 4166
614 3918
614 4087
615 4176
615 4441
615 4703
616 3918
617 3902
617 3918
617 3939
617 4101
618 4192
619 3898
619 3918
620 3898
620 3918
620 3955
620 4543
621 3918
622 3918
624 3918
625 4565
626 3910
626 3918
627 4104
628 4254
631 3918
631 4270
631 4547
632 3918
632 4260
633 4083
634 4521
635 4183
636 3918
636 4419
637 4315
638 4318
639 4704
640 3918
640 4082
640 4476
641 4571
642 3918
642 4083
643 3898
643 3918
644 4348
644 4350
645 3918
646 4252
646 4504
647 3918
648 3812
648 3918
648 4355
649 4273
651 4718
652 4161
652 4297
652 4565
652 4617
653 4086
654 3918
654 3955
654 4095
654 4496
655 3918
656 3917
656 3928
656 4134
656 4145
656 4617
657 3918
657 4119
657 4476
658 3898
658 4703
659 3918
660 3898
660 3899
660 3939
660 4147
660 4161
660 4566
660 4721
661 3898
662 4673
663 4281
664 3898
665 4064
666 4064
667 4064
668 4064
669 4064
670 4064
671 4064
672 4064
673 4064
674 4064
675 4064
676 4064
677 4064
678 4064
679 4064
680 4064
681 3810
682 4154
683 4065
683 4095
683 4521
683 4632
684 4065
685 4065
686 4065
688 4066
688 4565
689 4066
690 4066
691 3898
691 4694
693 4090
694 4067
694 4090
695 3898
699 4068
700 4069
701 4069
702 4315
703 4098
705 4070
706 4070
707 4070
707 4544
709 4565
710 4071
712 4073
713 4073
714 4316
715 3898
715 3899
715 4072
715 4164
715 4631
716 4072
716 4217
717 4072
718 3898
718 3899
719 3899
719 4083
719 4560
720 3898
720 3899
721 3898
721 3899
721 3939
721 4471
722 4074
723 4074
724 4074
726 3898
726 4116
726 4317
726 4454
726 4473
726 4537
727 4160
728 3898
728 4397
730 4575
731 4105
731 4119
731 4168
731 4346
732 4340
733 3902
735 4064
736 4566
737 3939
738 3898
739 3898
740 4516
741 4695
742 3898
743 3898
744 3898
744 3939
745 3898
746 3898
746 4390
747 3898
747 3972
747 4325
748 3898
749 3898
750 3898
751 3898
752 4082
753 4082
754 4082
755 4082
756 4082
757 4082
758 4082
759 3917
759 4083
761 4084
762 4084
764 4084
765 4084
766 4086
767 4086
768 4086
769 4086
770 4085
771 4085
772 4085
773 4085
774 4085
775 4085
776 4085
777 4085
778 4085
779 4085
780 4085
781 4085
782 4085
783 4085
784 4085
785 4085
786 4085
787 4085
788 4085
789 4085
790 4085
791 4085
791 4293
792 4087
794 4087
795 4087
796 4087
797 4442
798 4087
799 4087
800 4088
801 4088
802 4088
803 4088
803 4595
805 4088
806 4088
807 4088
808 4088
809 4460
810 4090
811 4090
811 4422
812 4090
813 4090
814 4090
814 4128
815 4090
816 4090
817 4090
818 4090
820 4180
820 4721
821 3958
821 4091
822 4091
823 4091
824 4465
825 4093
826 4093
827 4093
827 4106
828 4092
832 4094
833 4095
835 4096
836 4096
836 4157
837 4096
838 3993
838 4096
839 4096
840 4096
841 4096
843 3898
843 4097
844 4097
845 4099
846 4099
846 4442
848 4099
850 4099
851 4098
852 4098
853 4098
853 4442
854 4098
855 4098
856 4098
857 4098
858 4098
859 4098
860 4098
861 4098
862 4098
863 4098
864 4098
865 4098
866 4537
867 3875
868 3875
868 3931
869 3875
870 3875
870 4287
870 4328
872 4100
873 4101
873 4103
873 4114
873 4575
873 4670
874 4270
874 4547
875 4189
876 4102
876 4597
877 4102
878 3864
879 4321
879 4591
879 4640
879 4643
880 4103
881 4103
881 4514
882 4103
882 4645
883 4103
884 4103
884 4176
884 4294
884 4672
886 3874
886 4134
887 3939
888 3939
889 4104
891 4104
892 4104
893 4104
894 4104
895 4104
897 4105
898 4105
898 4332
899 4105
900 4105
901 4105
902 4105
903 4105
903 4136
903 4219
903 4594
903 4637
904 4105
905 3926
905 4105
905 4630
906 4105
907 4105
908 4105
908 4177
909 4105
911 4106
913 4106
914 3865
914 4106
914 4618
915 4106
916 3887
917 3887
918 3887
918 4574
919 3887
920 3887
921 3887
922 3887
923 3887
923 4491
924 3887
925 3887
926 3887
927 3887
928 3887
928 4219
929 3887
930 3887
931 3887
932 3887
933 3887
934 3887
935 3887
936 3887
937 3887
938 3887
938 4048
939 3887
940 3887
941 3887
942 4328
942 4454
942 4578
943 4361
944 4107
944 4325
944 4460
945 4107
946 4107
947 4107
948 4107
949 4107
949 4325
949 4389
950 3946
950 3952
950 4107
951 4109
952 3874
952 4107
952 4726
955 3926
956 3927
956 4134
957 3928
957 4134
958 3928
958 4134
958 4726
959 3928
959 4134
960 3928
960 4134
962 3840
962 3933
963 3933
964 3934
965 4138
965 4429
966 3847
967 4107
967 4119
967 4325
967 4360
968 3896
969 3896
969 4110
969 4601
970 4301
971 4600
971 4612
972 4110
974 3935
975 3936
975 4645
976 3936
976 3952
976 4140
976 4718
978 3911
979 3812
979 3821
979 3910
979 4367
979 4680
980 3912
980 4738
980 4739
982 3942
984 3978
985 3978
986 3978
986 4544
986 4560
986 4646
986 4741
988 3991
989 3909
989 3952
989 4114
990 4114
991 4114
991 4434
992 4114
994 4116
995 4115
996 4107
997 3957
998 4625
999 4634
999 4649
1000 4118
1001 4118
1001 4636
1002 4305
1003 3958
1003 4119
1004 3958
1006 3956
1006 4200
1007 3952
1007 3956
1007 4325
1008 3956
1008 4325
1009 3956
1009 4543
1009 4726
1010 3956
1010 4325
1011 3956
1011 4386
1012 3956
1012 4325
1012 4691
1013 3956
1014 3956
1015 3956
1015 4306
1015 4325
1016 3894
1017 3894
1017 4258
1017 4316
1017 4589
1018 4460
1021 4119
1022 4119
1023 4119
1023 4674
1024 4119
1024 4223
1024 4603
1025 4119
1025 4325
1025 4594
1026 4119
1027 3952
1027 4119
1027 4176
1027 4305
1027 4325
1028 4281
1029 3952
1030 3952
1031 4215
1031 4561
1031 4594
1031 4602
1033 4122
1034 4122
1035 4122
1036 4122
1037 4122
1038 4122
1039 4122
1040 4541
1041 4123
1042 4540
1043 4123
1044 4123
1045 4123
1046 4123
1046 4223
1046 4562
1048 4125
1049 4125
1049 4223
1049 4714
1050 4125
1051 4125
1051 4187
1051 4248
1052 4125
1054 3917
1054 4328
1054 4338
1057 4126
1058 4126
1059 4126
1060 4126
1061 4126
1062 4126
1062 4172
1063 4126
1064 4126
1067 4128
1068 4128
1069 4128
1070 4128
1071 4128
1072 4128
1073 4128
1074 4130
1075 4130
1075 4327
1077 4129
1077 4223
1078 4129
1078 4409
1079 4132
1081 4131
1082 4131
1083 4541
1084 4133
1085 4133
1085 4409
1087 4136
1088 4406
1089 4135
1090 4135
1091 4135
1092 4135
1093 4476
1095 4137
1096 4137
1097 4137
1098 4138
1099 4138
1099 4258
1100 4138
1100 4463
1101 4138
1102 4140
1104 4410
1105 4139
1106 4139
1106 4538
1106 4624
1107 4139
1108 4139
1111 4141
1115 4142
1115 4458
1116 4143
1117 4408
1118 4408
1119 4144
1120 4144
1121 4144
1122 4144
1123 4144
1124 4144
1125 4145
1126 4145
1127 4145
1128 4145
1128 4409
1129 4145
1129 4406
1131 4145
1131 4407
1133 4146
1134 4146
1135 4716
1136 4407
1137 4148
1137 4410
1137 4416
1138 4148
1140 4148
1141 4148
1142 4149
1143 4149
1143 4181
1143 4407
1143 4721
1144 4149
1145 4149
1145 4248
1145 4564
1146 4149
1147 4149
1149 4150
1150 4150
1151 4150
1152 4150
1153 4150
1154 4152
1155 4152
1156 4150
1157 4150
1159 4633
1160 4154
1160 4493
1161 4154
1162 4154
1163 4153
1166 4156
1167 4156
1168 4156
1169 4156
1170 4155
1172 4157
1173 4157
1173 4418
1174 4158
1175 4158
1176 4158
1177 4158
1177 4314
1178 4158
1179 4158
1184 4167
1185 4169
1186 4169
1187 4169
1190 4170
1191 4170
1192 4170
1193 3828
1193 4095
1194 3828
1195 3828
1196 3829
1197 3829
1198 3829
1199 3829
1199 4284
1200 3829
1201 3829
1201 4180
1201 4495
1202 3829
1203 4172
1204 4172
1205 4172
1208 4173
1209 4173
1210 4173
1211 4173
1213 4174
1214 4174
1215 4174
1216 4174
1217 4614
1218 4726
1219 4175
1219 4652
1220 4175
1220 4652
1221 4175
1221 4190
1222 4175
1222 4650
1223 4175
1223 4651
1224 4175
1224 4357
1224 4650
1225 3891
1225 4606
1225 4650
1226 3891
1227 3891
1228 3891
1229 3891
1230 3891
1231 3891
1232 3891
1233 3891
1235 4176
1236 4176
1239 4177
1240 4177
1241 4177
1242 4177
1243 4177
1244 4564
1244 4722
1245 4177
1246 4177
1246 4516
1247 4177
1247 4440
1248 4177
1248 4588
1250 4178
1251 4178
1252 4178
1252 4312
1253 4178
1254 4178
1254 4729
1255 4178
1255 4725
1256 4178
1257 4178
1258 4426
1258 4589
1258 4726
1258 4729
1259 4178
1260 4178
1261 4178
1262 4178
1263 4178
1264 3971
1264 4426
1265 4724
1266 4182
1267 4180
1267 4221
1268 4164
1269 4181
1270 4181
1271 4181
1272 4181
1273 4181
1273 4280
1273 4544
1273 4560
1273 4632
1274 4181
1275 4181
1277 4182
1278 4182
1279 4182
1279 4469
1280 4182
1280 4646
1281 4182
1282 4182
1283 4182
1285 4183
1287 4183
1288 4183
1289 4183
1290 4183
1291 4183
1292 4183
1293 4183
1294 4183
1295 4183
1296 4183
1296 4692
1298 4184
1299 4184
1300 4184
1301 4184
1302 4184
1303 4184
1303 4689
1304 4184
1305 4184
1306 4184
1307 4184
1308 4184
1309 4184
1309 4650
1309 4653
1310 4184
1310 4660
1311 4185
1312 4185
1313 4185
1314 4185
1314 4692
1316 4614
1317 4186
1317 4614
1319 4187
1320 4187
1321 4187
1322 4187
1323 4187
1323 4591
1323 4648
1324 4188
1325 4188
1327 4593
1328 4175
1329 4189
1329 4672
1331 4190
1331 4328
1331 4586
1331 4635
1332 4744
1333 4190
1334 4190
1334 4223
1335 4190
1336 4190
1337 4190
1341 4194
1342 4194
1343 4194
1344 4194
1345 4194
1346 4194
1347 4196
1348 4196
1349 4196
1350 4196
1351 4196
1352 4196
1353 4196
1354 4197
1355 4197
1356 4197
1357 4197
1358 4197
1360 4198
1361 4198
1362 4199
1363 4199
1363 4223
1363 4335
1363 4621
1364 4200
1365 4200
1366 4200
1367 4200
1368 4200
1369 4200
1371 4201
1373 4203
1374 4203
1375 4203
1377 4205
1378 4317
1378 4690
1379 4207
1379 4324
1380 4207
1381 4207
1382 4207
1383 4207
1385 4208
1386 4209
1387 4209
1388 4209
1389 4209
1389 4306
1391 4210
1392 4210
1393 4210
1394 4210
1395 4210
1396 3870
1396 4327
1396 4620
1397 4211
1398 4211
1399 4211
1400 4211
1401 4211
1401 4317
1402 4211
1406 4212
1412 4281
1414 4214
1417 4216
1418 4216
1419 4216
1421 4217
1421 4434
1421 4493
1422 4217
1423 4681
1424 4219
1425 4219
1426 4219
1427 4219
1429 3993
1430 3993
1431 3993
1432 3993
1433 4223
1434 4223
1435 4223
1436 4223
1437 4223
1438 4223
1439 4223
1440 4223
1440 4317
1440 4628
1440 4635
1441 4223
1441 4518
1442 4223
1443 4223
1444 4223
1445 4223
1446 4223
1447 4275
1448 4223
1449 4223
1450 4223
1451 4223
1452 4223
1453 4223
1454 4223
1456 4223
1457 4223
1458 4223
1459 4223
1460 4223
1460 4306
1460 4325
1460 4716
1461 4223
1461 4632
1462 4223
1463 4223
1464 4223
1465 4223
1465 4710
1466 4223
1467 4223
1467 4365
1468 4223
1469 3847
1469 4223
1469 4498
1470 4223
1470 4739
1471 4223
1472 4223
1473 4223
1474 4223
1475 4223
1475 4254
1475 4321
1476 4223
1477 4223
1478 4223
1479 4223
1479 4565
1479 4721
1480 4223
1481 4223
1482 4223
1483 4223
1484 4223
1485 4223
1486 4223
1487 4223
1488 4223
1489 4223
1490 4223
1491 4223
1492 4223
1493 4223
1496 4298
1498 4624
1502 4555
1502 4631
1505 4321
1505 4327
1505 4617
1505 4723
1506 4695
1507 4577
1508 4567
1508 4709
1510 4176
1510 4624
1518 4248
1518 4609
1519 4248
1520 4248
1521 4248
1522 4248
1523 4248
1524 4248
1527 4250
1528 4250
1528 4714
1529 4250
1530 4250
1531 4250
1531 4266
1532 4254
1533 4254
1534 4424
1536 4252
1537 4252
1538 4252
1539 4252
1540 4714
1541 4254
1542 4254
1543 4254
1544 4254
1545 4254
1546 4254
1546 4649
1547 4254
1552 3968
1553 3968
1554 3968
1556 4215
1556 4256
1556 4303
1557 4256
1559 4299
1559 4432
1559 4741
1560 4404
1561 4258
1562 4258
1563 4258
1564 4258
1564 4573
1565 4258
1566 4258
1567 4258
1568 4258
1569 4258
1570 4258
1570 4574
1571 4258
1573 4258
1574 4258
1575 4258
1576 4258
1577 4261
1577 4424
1577 4442
1577 4591
1577 4709
1578 4261
1579 4260
1580 4262
1581 4258
1582 4263
1582 4539
1583 4263
1584 4264
1586 4266
1587 3898
1587 4266
1587 4617
1587 4644
1588 4266
1589 4267
1590 4267
1591 4268
1592 4268
1593 3917
1593 4414
1597 3866
1598 4120
1598 4320
1599 4050
1601 3943
1601 4559
1602 4325
1603 3812
1605 4298
1606 4298
1607 4298
1608 4298
1611 4637
1623 4279
1624 4279
1625 4279
1626 4279
1627 4279
1628 4279
1629 4279
1631 4275
1632 4275
1633 4275
1634 4275
1635 4275
1636 4276
1637 4272
1638 4272
1640 4272
1641 4272
1642 4272
1643 4272
1644 4274
1646 4273
1647 4273
1648 4273
1649 4273
1650 4273
1651 4273
1652 4273
1653 4277
1654 4277
1655 4277
1656 4277
1657 4277
1658 4277
1659 4277
1662 4277
1667 3894
1667 4281
1668 4281
1669 4280
1670 4280
1671 4280
1672 4280
1672 4590
1673 4280
1675 4286
1676 4286
1677 4284
1677 4286
1678 4284
1679 4147
1680 4147
1681 4147
1682 4147
1683 4147
1684 4147
1685 4147
1686 4147
1687 4147
1688 4147
1689 4147
1690 4147
1691 4147
1692 4147
1693 4147
1694 4147
1695 4147
1696 4147
1697 4147
1698 4147
1699 4147
1700 4147
1701 4147
1702 4147
1703 4147
1704 4147
1705 4147
1706 4147
1707 4147
1708 4267
1709 4267
1710 4267
1711 4270
1711 4383
1712 4270
1713 4270
1713 4549
1714 4270
1715 4270
1716 4270
1717 4270
1718 4349
1719 4271
1720 4316
1721 4348
1722 4348
1723 4348
1723 4547
1724 4348
1725 4348
1725 4350
1726 4348
1726 4350
1726 4352
1727 4350
1729 4352
1730 4352
1731 4352
1732 4355
1733 4355
1734 4355
1736 4354
1737 4354
1738 4354
1742 4353
1743 4356
1744 4356
1745 4313
1745 4319
1746 4313
1746 4319
1747 4313
1748 4313
1749 4313
1751 4313
1752 4313
1754 4314
1755 4314
1756 4314
1757 4314
1758 4314
1759 4314
1760 4314
1764 4315
1765 4315
1766 4315
1767 4315
1767 4531
1768 4315
1769 4315
1770 4315
1771 4315
1772 4315
1773 4315
1774 4315
1775 4315
1776 4315
1777 4315
1778 4315
1779 4315
1780 4315
1780 4730
1781 4316
1781 4621
1782 4663
1784 4357
1785 4357
1786 4318
1787 4318
1787 4685
1787 4690
1788 4120
1788 4318
1789 4318
1791 4320
1792 4320
1793 4120
1794 4120
1795 4120
1796 4120
1797 4120
1798 4705
1799 4705
1800 4705
1801 4705
1802 4705
1803 4705
1804 4705
1805 4705
1806 4705
1807 4705
1808 4358
1809 4358
1810 4358
1811 4358
1812 4358
1814 4359
1815 4359
1816 4359
1817 4359
1818 4359
1819 4359
1820 4359
1821 4359
1822 4359
1823 4359
1824 3813
1825 3813
1826 3813
1827 4311
1828 4361
1828 4504
1829 4361
1830 4361
1831 4361
1832 4361
1832 4368
1832 4528
1833 4361
1834 4361
1835 4360
1836 4360
1837 4360
1838 4362
1839 4269
1840 4269
1842 3896
1842 4269
1843 4269
1844 4269
1845 4269
1847 4363
1848 4363
1849 4363
1850 4363
1851 4363
1852 4363
1853 4363
1854 4363
1855 4363
1856 4363
1857 4363
1858 4363
1859 4363
1860 4363
1861 4363
1862 4363
1863 4363
1864 4363
1865 4363
1866 4363
1867 4363
1868 4363
1869 4364
1870 4364
1871 4364
1872 4364
1873 4364
1874 4364
1875 4364
1876 4364
1877 4364
1878 4364
1881 4322
1882 4322
1883 4322
1884 4322
1885 4322
1886 4322
1887 4322
1888 4322
1889 3903
1892 4323
1893 4406
1893 4596
1894 4186
1894 4323
1896 4365
1897 4365
1901 4367
1902 4367
1903 4367
1904 4367
1905 4367
1906 4367
1907 4367
1908 4367
1909 4367
1910 4367
1911 4369
1912 4369
1913 4369
1914 4369
1915 4368
1916 4368
1917 4368
1918 4368
1919 4368
1920 4368
1921 4368
1923 4335
1925 4291
1926 4291
1927 4292
1928 4292
1929 4292
1930 4292
1931 4292
1933 3983
1934 4381
1935 4381
1936 4381
1937 4050
1938 4050
1940 4382
1941 4382
1942 4382
1943 4382
1943 4515
1944 4382
1945 4382
1946 4383
1947 3965
1948 3965
1950 3965
1953 4388
1954 4388
1955 4176
1955 4389
1956 4389
1958 3818
1959 3818
1960 3818
1961 3818
1962 4390
1962 4739
1963 4390
1965 4476
1969 4594
1970 4594
1972 4476
1974 4337
1975 4338
1976 4395
1977 4395
1978 4395
1979 4395
1980 4395
1981 4395
1982 4395
1983 4395
1984 4395
1985 4395
1986 4395
1988 4397
1989 4397
1990 4396
1991 4397
1992 4397
1993 4397
1994 4397
1995 4397
1996 4397
1999 4310
2000 4309
2001 4309
2002 4309
2003 4309
2004 4309
2004 4652
2005 4649
2006 4308
2007 4308
2008 4308
2009 4333
2010 4333
2011 4333
2011 4589
2012 4221
2014 4400
2016 4400
2017 4400
2018 4400
2019 4400
2020 4400
2021 4400
2022 4400
2024 4402
2025 4402
2026 4402
2030 4334
2031 4185
2032 4334
2032 4573
2033 4334
2034 4334
2035 4334
2035 4574
2036 4334
2037 4334
2038 4334
2040 4403
2041 4403
2042 4403
2043 4403
2044 4403
2047 4404
2048 4404
2049 4404
2050 4404
2051 4404
2051 4654
2054 4221
2055 4221
2056 4221
2057 4221
2058 4221
2059 4221
2060 4221
2061 4221
2062 4721
2063 4221
2064 4221
2065 4221
2066 4221
2066 4587
2067 4221
2068 4221
2069 4221
2070 4221
2071 4221
2072 4221
2073 4221
2076 4407
2077 4406
2078 4407
2079 4407
2081 4408
2081 4411
2081 4412
2082 4408
2083 4408
2084 4408
2085 4408
2086 4408
2087 4408
2088 4408
2089 4408
2090 4566
2092 4409
2092 4538
2092 4720
2093 4409
2093 4410
2094 4409
2094 4412
2095 4409
2096 4409
2097 4409
2098 4411
2099 4411
2100 4411
2101 4411
2102 4412
2104 4413
2105 4413
2106 4413
2107 4413
2108 4413
2109 3976
2110 3976
2111 3975
2112 3975
2114 4430
2117 4417
2118 4418
2118 4639
2119 4418
2120 4418
2121 4418
2123 4419
2124 4420
2125 4420
2125 4729
2126 4420
2127 4420
2129 4421
2130 4421
2131 4421
2132 3841
2132 4422
2133 4422
2134 4422
2135 4422
2136 4422
2137 4422
2138 4422
2139 4422
2141 4423
2142 4424
2143 4424
2144 4424
2145 4424
2146 4425
2147 4426
2148 4426
2149 4426
2150 4426
2151 4426
2152 4426
2154 4427
2155 4428
2156 4428
2158 4430
2159 4430
2160 4430
2161 4430
2162 4151
2163 4152
2164 4152
2165 4152
2166 4297
2167 4208
2167 4434
2169 3994
2169 4435
2171 3995
2172 3995
2172 4446
2172 4575
2172 4576
2173 4435
2174 4437
2175 4437
2176 4437
2178 4436
2178 4462
2180 4438
2181 4438
2182 4438
2183 4438
2184 4438
2185 4438
2186 4276
2187 4276
2188 4276
2189 4580
2192 4440
2193 4440
2193 4569
2194 4440
2195 4440
2196 4440
2197 4192
2198 4192
2199 4192
2200 4192
2201 4192
2202 4192
2203 4192
2204 4061
2206 4162
2207 4162
2208 4162
2209 4161
2210 4161
2211 4161
2212 4296
2213 4296
2214 3918
2214 4543
2215 3842
2216 3842
2217 3842
2218 3849
2219 3849
2220 3849
2221 3849
2222 3849
2223 3847
2224 3847
2225 3847
2226 3847
2226 3850
2227 3847
2228 3847
2229 3847
2229 4306
2230 3847
2230 3850
2231 3847
2232 3967
2234 3966
2235 3966
2236 3966
2237 3966
2238 3966
2239 3955
2240 3955
2241 3955
2243 3955
2244 3955
2245 3955
2245 4600
2246 3955
2247 3955
2248 4441
2249 4441
2250 4441
2251 4441
2252 4441
2254 4442
2255 4442
2256 4442
2256 4443
2257 4442
2258 4442
2259 4166
2259 4442
2260 4442
2261 4442
2262 4442
2263 4442
2264 4442
2265 4442
2266 4442
2267 4442
2268 4442
2269 4442
2270 4442
2271 4442
2274 3862
2275 3862
2277 3869
2278 3869
2279 3869
2281 3870
2282 4611
2283 3870
2284 3870
2286 3971
2286 4595
2286 4669
2287 3909
2287 4504
2288 3971
2289 3971
2289 4482
2290 3971
2291 3971
2293 3972
2294 3972
2295 3972
2296 3972
2297 3972
2298 3972
2299 3972
2301 4303
2302 4303
2302 4678
2303 4303
2306 4444
2307 4445
2308 4305
2309 4305
2310 4305
2311 4305
2312 4306
2313 4306
2314 4306
2315 4306
2316 4306
2317 4306
2318 4306
2319 4306
2320 4306
2321 4306
2322 4306
2323 4306
2324 4306
2325 4193
2326 4193
2327 4193
2328 4193
2329 4193
2330 4193
2331 4447
2332 4447
2333 4447
2334 4447
2335 4447
2336 4447
2336 4504
2337 4510
2338 4446
2339 4446
2340 4446
2341 4446
2342 4447
2343 4447
2344 4447
2345 4447
2346 4447
2347 4447
2348 4447
2349 4447
2350 4447
2351 4447
2352 4447
2353 4448
2354 4448
2355 4448
2357 4449
2358 4449
2359 3897
2359 4594
2361 4450
2362 4451
2363 4451
2364 4451
2365 4452
2366 4452
2367 4283
2368 4283
2369 4283
2370 4283
2372 4453
2374 4454
2375 4454
2376 4159
2378 4160
2379 4160
2380 4160
2381 4160
2382 4160
2382 4566
2383 4160
2384 4160
2386 4455
2387 4455
2389 4456
2390 4456
2391 4456
2392 4163
2393 4163
2395 4164
2396 4164
2397 3841
2398 3841
2399 4165
2400 4165
2401 4166
2402 4105
2402 4166
2403 4166
2404 4166
2405 4457
2406 4457
2407 4457
2408 4458
2408 4743
2409 4458
2411 3991
2412 3991
2413 3991
2414 3991
2415 4310
2416 4310
2417 4307
2418 4307
2419 4307
2421 4459
2422 4459
2423 4459
2424 4459
2425 4459
2426 4459
2427 4460
2428 4460
2429 4460
2430 4460
2431 4461
2432 4460
2433 4460
2434 4460
2435 4460
2436 4460
2437 4461
2439 4463
2440 4463
2441 4463
2441 4716
2442 4463
2443 4463
2443 4507
2444 4465
2445 4465
2446 4465
2447 4465
2448 4465
2449 4465
2450 4465
2451 4465
2452 4465
2453 4467
2454 4467
2455 4467
2456 4467
2456 4694
2457 4467
2458 4466
2459 4466
2462 4468
2463 4468
2464 4468
2465 4468
2466 4468
2467 4468
2468 4468
2469 4468
2470 4468
2471 4324
2472 4324
2473 4324
2474 4324
2475 4324
2476 4190
2478 4469
2479 4469
2480 4469
2481 4469
2482 4469
2483 4471
2484 4470
2485 4470
2486 4470
2487 4470
2488 4470
2489 4473
2490 4474
2491 4474
2492 4474
2493 4474
2494 4476
2495 4476
2496 4476
2497 4476
2498 4476
2499 4476
2500 4476
2501 4476
2502 4476
2504 4477
2505 4477
2506 4479
2507 4479
2508 4479
2509 4480
2510 4480
2511 4480
2512 4480
2513 4480
2514 4480
2515 4481
2516 4481
2516 4546
2517 4482
2518 4482
2519 4484
2520 4484
2521 4484
2522 4484
2523 4484
2524 4484
2525 4484
2526 4484
2527 4484
2528 4484
2529 4484
2530 4484
2531 4483
2532 4483
2533 4733
2535 4487
2535 4739
2536 4487
2537 4489
2538 4489
2539 4489
2540 4489
2541 4489
2542 4490
2543 4490
2544 4490
2545 4490
2546 4491
2547 4491
2548 4491
2549 4491
2550 4491
2550 4528
2551 4491
2552 4491
2553 4491
2554 4491
2555 4491
2556 4493
2558 4492
2560 4494
2561 4496
2562 4497
2563 4497
2564 4497
2565 4498
2566 4498
2567 4498
2568 4498
2569 4498
2570 4640
2571 4499
2572 4499
2573 4500
2574 4501
2575 4501
2576 4501
2577 4501
2578 4501
2579 4502
2580 4503
2582 4504
2583 4504
2584 4504
2586 4505
2587 4505
2588 4505
2589 4505
2590 4505
2591 4505
2593 4506
2595 4507
2596 4507
2597 4507
2598 4507
2600 4508
2601 4508
2602 4508
2603 4508
2604 4508
2605 4508
2606 4510
2608 4510
2609 4510
2610 4510
2611 4510
2612 4510
2613 4509
2614 4509
2615 4509
2616 4509
2617 4509
2618 4509
2620 4511
2621 4511
2622 4511
2623 4511
2624 4512
2624 4653
2626 4512
2627 4513
2628 4513
2629 4513
2630 4513
2631 4513
2633 4514
2634 4514
2635 4514
2636 4514
2637 4514
2638 4514
2639 4515
2640 4515
2641 4515
2642 4515
2643 4515
2644 4515
2645 4515
2646 4515
2647 4516
2648 4516
2649 4516
2651 4516
2652 4516
2653 4517
2654 4517
2655 4517
2656 4517
2657 4517
2658 4516
2659 4518
2660 4518
2661 4518
2662 4518
2663 4518
2664 4519
2665 4519
2666 4519
2667 4519
2668 4519
2669 4519
2670 4519
2671 4519
2672 4519
2674 4520
2675 4520
2676 4520
2677 4520
2678 4520
2679 4520
2680 4521
2681 4521
2682 4521
2683 4522
2684 4522
2685 4522
2686 4522
2687 4523
2688 4523
2689 4523
2690 4523
2691 4523
2692 4523
2693 4523
2694 4524
2695 4524
2696 4524
2697 4524
2698 4524
2699 4525
2700 4525
2701 4525
2702 4525
2703 4525
2704 4525
2705 4526
2706 4526
2707 4526
2708 4526
2709 4526
2710 4526
2711 4526
2712 4526
2714 4528
2715 4528
2718 4530
2721 4530
2722 4530
2723 4530
2724 4530
2725 4530
2726 4530
2727 4531
2728 4531
2729 4531
2730 4531
2731 4531
2732 4531
2733 4531
2734 4531
2735 4533
2736 4533
2737 4533
2738 4533
2739 4533
2740 4533
2742 4532
2745 4534
2746 4534
2747 4534
2748 4534
2749 4534
2750 4535
2751 4535
2752 4535
2753 4535
2754 4535
2754 4689
2755 4535
2756 4535
2757 4535
2758 4535
2759 4536
2760 4536
2761 4536
2763 4537
2764 4537
2765 4537
2766 4537
2770 4538
2771 4538
2772 4538
2774 4539
2775 4539
2776 4539
2777 4539
2779 4540
2780 4540
2781 4540
2782 4540
2783 4540
2784 4540
2785 4540
2786 4541
2787 4541
2788 4541
2789 4541
2790 4541
2792 4543
2793 4543
2794 4543
2795 4544
2796 4544
2797 4544
2798 4544
2799 4215
2800 4215
2801 4215
2802 4215
2803 4215
2804 4215
2805 4215
2806 4215
2807 4215
2808 4215
2809 4215
2810 4215
2811 4215
2812 4215
2813 4215
2813 4602
2813 4646
2815 4164
2816 4545
2817 4545
2818 4545
2819 4545
2820 4545
2821 4545
2822 4545
2824 4546
2825 4546
2826 4546
2827 4546
2828 4546
2830 4548
2831 4549
2832 4549
2833 4550
2835 4550
2836 4550
2837 4550
2838 4551
2839 4551
2840 4552
2841 4551
2842 4551
2843 4555
2844 4555
2845 4555
2846 4555
2847 4555
2849 4557
2850 4557
2852 4558
2853 4558
2854 4558
2855 4258
2856 4560
2857 4560
2858 4561
2859 4561
2860 4561
2861 4561
2862 4561
2863 4562
2864 4562
2865 4562
2866 4563
2867 4563
2868 4563
2869 3898
2869 4107
2870 4564
2871 4564
2872 4565
2874 4565
2875 4565
2876 4565
2877 4565
2877 4718
2878 4566
2879 4084
2879 4566
2880 4566
2880 4570
2881 4566
2882 4566
2883 4566
2884 4566
2885 4566
2886 4566
2887 4567
2888 4567
2889 4567
2890 4567
2891 4567
2892 4567
2893 4568
2894 4569
2895 4569
2896 4569
2897 4569
2897 4658
2898 4570
2899 4570
2900 4570
2901 4570
2902 4570
2903 4570
2904 4570
2905 4570
2907 4571
2908 4571
2909 4571
2910 4571
2911 4571
2912 4571
2913 4571
2914 4571
2915 4669
2915 4711
2916 4572
2917 4572
2917 4689
2918 4573
2919 4573
2920 4573
2921 4573
2921 4689
2922 4194
2923 4194
2924 4194
2925 4194
2926 4194
2928 4574
2929 4574
2930 4574
2931 4574
2932 4574
2933 4575
2934 4575
2935 4576
2935 4583
2936 4576
2937 4576
2938 4576
2939 4576
2940 4576
2941 4576
2942 4576
2943 4576
2944 4576
2946 4185
2947 4577
2948 4579
2948 4684
2949 4579
2950 4580
2951 4580
2952 4580
2953 4581
2954 4581
2955 4581
2956 4581
2957 4581
2958 4582
2959 4582
2960 4582
2960 4631
2961 4582
2961 4591
2963 4583
2964 4583
2965 4583
2966 4583
2967 4583
2968 4583
2969 4583
2970 4585
2971 4586
2972 4586
2973 4586
2974 4586
2974 4655
2975 4587
2976 4587
2977 4587
2978 4587
2979 4587
2980 4587
2981 4588
2982 4588
2983 4589
2984 4589
2984 4592
2985 4589
2986 4589
2988 4590
2989 4591
2990 4704
2991 4591
2993 4592
2994 4593
2995 4594
2996 4594
2997 4594
2998 4105
2998 4638
2999 4595
3000 4595
3001 4595
3002 4595
3003 4595
3004 4595
3005 4595
3006 4595
3007 4595
3008 4596
3009 4596
3010 4332
3011 4332
3012 4597
3013 4597
3014 4597
3015 4597
3016 4600
3017 4598
3018 4598
3019 4598
3020 4598
3021 4598
3022 4599
3023 4599
3024 4599
3025 4599
3026 4599
3027 4599
3028 4599
3029 4599
3030 4599
3031 4599
3032 4600
3033 4600
3033 4657
3033 4661
3033 4696
3034 4600
3035 4600
3036 4600
3037 4600
3038 4600
3039 4600
3040 4600
3041 4601
3042 4601
3043 4602
3044 4602
3045 4602
3046 4602
3047 4602
3048 4602
3049 4602
3050 4602
3051 4602
3052 4602
3053 4602
3054 4603
3055 4603
3056 4390
3057 4604
3058 4604
3059 4357
3061 4605
3062 4605
3063 3874
3063 4606
3064 4606
3065 4606
3066 4606
3067 4606
3068 4607
3069 4607
3070 4608
3071 4608
3072 4608
3073 4608
3074 4608
3075 4608
3076 4609
3077 4609
3078 4609
3079 4610
3080 4607
3081 4610
3082 4611
3083 4612
3084 4612
3085 4612
3086 4612
3087 4612
3088 4612
3089 4612
3090 4612
3091 4612
3092 4612
3093 4612
3094 4612
3095 4612
3096 4612
3097 4612
3098 4612
3099 4614
3100 4614
3101 4615
3102 4615
3103 4616
3104 4616
3105 4616
3106 4616
3107 4617
3107 4684
3108 4618
3109 4618
3110 4618
3111 4619
3112 4619
3113 4619
3114 4619
3115 4619
3116 4619
3117 4619
3118 4619
3119 4619
3119 4683
3120 4619
3121 4619
3121 4707
3121 4731
3122 4619
3123 4619
3123 4687
3124 4619
3125 4619
3126 4619
3127 4620
3128 4620
3128 4621
3128 4650
3128 4721
3129 4620
3130 4620
3131 4316
3132 4316
3133 4316
3134 4316
3135 4621
3135 4663
3136 4621
3136 4663
3137 4621
3138 4621
3139 4686
3140 4622
3141 4622
3142 4623
3143 4623
3144 4623
3145 4623
3146 4623
3148 4626
3149 4626
3150 4626
3151 4626
3152 4626
3153 4627
3154 4624
3154 4627
3155 4627
3156 4629
3157 4629
3158 4629
3158 4633
3159 4629
3160 4629
3161 4629
3162 4629
3163 4629
3165 4617
3166 4630
3166 4632
3167 4630
3168 4630
3169 4631
3170 4631
3171 4631
3172 4632
3173 4632
3174 4632
3175 4632
3176 4633
3177 4633
3178 4633
3179 4633
3180 4633
3181 4634
3182 4635
3183 4635
3184 4636
3185 4637
3186 4107
3186 4637
3187 4637
3187 4680
3188 4637
3189 4638
3190 4638
3191 4639
3192 4639
3193 4641
3194 4641
3195 4641
3196 4641
3197 4645
3197 4649
3198 4646
3199 4646
3200 4647
3201 4647
3201 4731
3202 4187
3203 4187
3204 4186
3205 4186
3206 4186
3207 4026
3208 4175
3208 4651
3209 4649
3210 4649
3211 4649
3212 4649
3213 4649
3214 4649
3214 4665
3215 4649
3216 4649
3217 4650
3218 4650
3219 4650
3220 4650
3221 4650
3222 4650
3223 4650
3224 4650
3225 4650
3226 4650
3227 4650
3228 4651
3229 4651
3230 4651
3231 4651
3232 4651
3233 4651
3234 4651
3235 4651
3236 4651
3237 4651
3238 4651
3239 4652
3240 4652
3241 4652
3242 4652
3243 4652
3244 4652
3245 4652
3246 4652
3247 4652
3248 4652
3249 4652
3250 4652
3251 4652
3252 4185
3253 4185
3254 4185
3255 4185
3256 4185
3257 4185
3258 4185
3259 4185
3260 4185
3261 4185
3262 4653
3263 4653
3264 4653
3265 4653
3267 4654
3267 4707
3269 4655
3270 4655
3271 4655
3272 4655
3273 4655
3274 4655
3275 4656
3275 4721
3276 4656
3277 4656
3278 4656
3279 4656
3280 4657
3281 4657
3282 4657
3283 4658
3284 4658
3285 4658
3286 4659
3287 4659
3288 4659
3301 4660
3302 4660
3303 4175
3303 4660
3304 4660
3305 4661
3306 4661
3307 4661
3308 4662
3309 4662
3310 4662
3311 4662
3312 4662
3314 4663
3315 4663
3316 4663
3318 4664
3319 4664
3320 4664
3321 4664
3323 4665
3324 4665
3325 4665
3326 4208
3326 4671
3328 4666
3329 4666
3330 4666
3331 4666
3332 4666
3333 4666
3334 4666
3335 4188
3336 4188
3337 4188
3338 4188
3339 4188
3340 4188
3341 4667
3342 4667
3343 4667
3344 4667
3345 4667
3346 4667
3347 4667
3348 4667
3349 4667
3351 4668
3352 4668
3353 4669
3354 4669
3354 4680
3355 4669
3356 4206
3357 4206
3358 4206
3359 4206
3360 4206
3361 4670
3362 4670
3363 4671
3364 4671
3365 4671
3366 4672
3367 4672
3368 4672
3369 4672
3370 4672
3371 4672
3372 4672
3373 4672
3374 4672
3375 4672
3376 4672
3377 4672
3378 4672
3379 4672
3380 4672
3381 4672
3382 4673
3383 4673
3384 4673
3385 4673
3386 4673
3388 4674
3389 4674
3390 4674
3391 4674
3392 4675
3393 4675
3393 4688
3394 4675
3395 4675
3396 4673
3397 4340
3397 4695
3398 3912
3399 3903
3400 3903
3401 3903
3402 3903
3403 4676
3404 4676
3405 4676
3406 4677
3407 4677
3408 4678
3409 4678
3410 4679
3411 4680
3411 4680
3412 4681
3413 4681
3414 4681
3415 4681
3416 4681
3418 4682
3419 4682
3420 4682
3421 4683
3422 4684
3423 4686
3424 4686
3425 4686
3426 4686
3427 4686
3428 4687
3429 4688
3430 4689
3431 4689
3432 4690
3434 4691
3435 4691
3436 4691
3438 4692
3439 4692
3440 4692
3441 4692
3442 4692
3443 4692
3444 4692
3445 4692
3446 4692
3447 4692
3448 4692
3449 4692
3450 4692
3451 4692
3452 4692
3453 4692
3454 4692
3455 4692
3456 4692
3457 4692
3458 4692
3459 4692
3460 4692
3461 4692
3462 4692
3463 4692
3464 4692
3466 4694
3467 4694
3468 4694
3469 4693
3470 4693
3471 4693
3472 4693
3473 4693
3474 4693
3475 4695
3476 4696
3477 4697
3478 4697
3480 4698
3481 4698
3482 4698
3483 4698
3486 4703
3487 4703
3488 4703
3489 4703
3490 4703
3491 4703
3492 4703
3493 4703
3494 4703
3495 4703
3496 4703
3497 4703
3498 4703
3500 4704
3501 4704
3502 4704
3503 4704
3504 4704
3505 4704
3506 4120
3507 4120
3508 4120
3509 4120
3510 4319
3511 4319
3512 4319
3513 4319
3514 4319
3515 4319
3516 4319
3517 4319
3518 4319
3519 4319
3520 4319
3521 4319
3522 4319
3523 4319
3524 4705
3525 4707
3526 4707
3527 4707
3528 4707
3529 4707
3530 4708
3531 4708
3532 4708
3533 4708
3534 4708
3535 4708
3536 4708
3537 4708
3540 4711
3541 4711
3542 4711
3543 4711
3544 4711
3545 4708
3546 4708
3547 4708
3548 4708
3549 4708
3551 4712
3552 4712
3553 4712
3554 4712
3555 4712
3556 4712
3558 4713
3559 4713
3560 4713
3561 4713
3562 4713
3563 4713
3564 4713
3565 4713
3566 4713
3567 4713
3568 4713
3569 4713
3570 4714
3571 4714
3573 4715
3574 4715
3575 4715
3576 4715
3577 4715
3578 4715
3579 4715
3580 4716
3581 4716
3582 4716
3583 4716
3584 4716
3585 4716
3586 4716
3587 4148
3588 4717
3589 4717
3590 4409
3591 4718
3592 4718
3593 4718
3594 4718
3595 4718
3596 4718
3597 4718
3598 4719
3599 4719
3600 4719
3601 4719
3602 4719
3603 4719
3604 4719
3605 4719
3606 4719
3607 4719
3608 4720
3609 4720
3610 4720
3611 4720
3612 4720
3613 4720
3614 4720
3615 4720
3616 4720
3617 4721
3618 4722
3619 4722
3620 4722
3621 4195
3622 4195
3623 4195
3624 4195
3625 4195
3626 4195
3627 4723
3628 4723
3629 4723
3630 4724
3631 4724
3632 4725
3633 4725
3634 4725
3635 4725
3636 3898
3636 3899
3636 3939
3636 4725
3637 4116
3637 4726
3638 4036
3639 4036
3640 4036
3641 4036
3642 4036
3643 4036
3644 4730
3645 4730
3646 4730
3647 4730
3648 4730
3649 4730
3650 4730
3651 4731
3652 4731
3653 4732
3654 4732
3655 4732
3656 4732
3657 4732
3658 4732
3659 4732
3660 4732
3661 4732
3662 4732
3663 4732
3664 4732
3665 4732
3667 4734
3668 4733
3669 4547
3671 3874
3672 3874
3675 4721
3676 4721
3677 4721
3679 3931
3680 4516
3681 4516
3682 4516
3684 3898
3687 3917
3687 4472
3688 3917
3689 3917
3690 4738
3691 4191
3692 3918
3693 3918
3694 3920
3695 3918
3696 3918
3697 3832
3698 3847
3699 4089
3700 4089
3701 4089
3702 4680
3703 3898
3703 4565
3704 3898
3705 3898
3708 4741
3709 4739
3710 4741
3711 4118
3711 4130
3712 4298
3713 4298
3714 3850
3714 3875
3715 4101
3716 4649
3718 3854
3723 4183
3724 3882
3725 3882
3726 4416
3727 4416
3728 4416
3729 4414
3730 4414
3731 4414
3732 4414
3733 4414
3734 4414
3735 4414
3737 4041
3738 4041
3743 3879
3744 3879
3745 4339
3747 3890
3751 4624
3752 4624
3753 4624
3754 4624
3755 4624
3756 4624
3757 4048
3758 4048
3759 4739
3760 4739
3761 4739
3762 4739
3763 4739
3764 4739
3765 4739
3766 4739
3768 4547
3769 4547
3770 4108
3771 4108
3774 4742
3775 4743
3776 4743
3780 3850
3782 4117
3783 3821
3786 4112
3787 4112
3791 4744
3792 4744
3793 4744
3794 4744
3795 4744
3796 4744
3797 4744
3800 4745
3801 4745
3802 4745
3803 4745
3804 4745
3805 4745
3806 4745
3807 4745
3808 4745
3809 4745
219 4172
411 3940
436 4262
824 4093
1181 4167
2027 4744
2039 4403
2046 4404
2300 4303
140 3973
1182 4167
1559 4258
2028 4334
2031 4334
2045 4404
3790 4744
3799 4745
57 4249
102 3897
110 3904
341 3876
429 3889
430 3889
468 4042
914 4108
1032 4121
1264 4336
1403 4213
1428 4220
1439 4251
1540 4255
1587 4265
1596 3872
1604 4331
1609 4300
1622 4343
1645 4274
1728 4351
1841 4269
1939 3908
2116 4417
2368 3881
2848 4556
3233 4529
3707 4740
3717 3855
3740 4529
3778 4282
3719 3876
3739 4529
60 3879
101 3843
113 3949
129 4737
162 3953
182 3998
200 3963
221 4004
227 4008
237 4010
269 4018
280 3827
288 4020
294 3979
299 4022
312 3883
317 3906
324 4024
359 4030
398 3984
1577 4147
1621 4342
1937 4385
56 3826
72 3826
125 3826
127 3826
136 3826
193 3826
12 3949
72 3949
179 3949
186 4000
187 4001
281 3827
282 3827
284 3827
287 3827
75 3931
80 3811
130 3959
138 3816
141 3973
169 3835
180 3843
183 3998
201 3963
205 3929
209 3915
217 3921
222 4004
230 4008
238 4010
244 4262
248 3923
257 4032
270 4018
285 3827
289 4020
295 3979
301 4022
314 3883
318 3906
325 4024
337 4026
347 3830
362 4030
386 3987
401 3984
1932 3982
1952 4388
3666 4734
3788 3965
13 4040
15 4246
57 4248
67 4247
94 4113
416 3941
438 4401
469 4477
472 4041
477 4043
496 3845
496 3888
543 3877
578 4516
696 4068
698 4068
704 4069
760 4084
804 4088
830 4094
842 4096
910 4105
983 3978
987 3978
1040 4123
1086 4133
1112 4141
1183 4167
1328 4189
1405 4212
1535 4252
1741 4353
1900 4366
2005 4310
2113 4415
2273 3862
2304 4303
2873 4565
3694 4737
3694 4738
3706 4119
3720 3876
3721 3876
3722 3876
3741 4591
3746 4339
3748 3928
3749 3926
3750 4624
3772 4109
3785 4114
571 4214
903 4602
1407 4214
1408 4214
1409 4214
1410 4214
1411 4214
1412 4214
1413 4214
1415 4214
340 4147
174 3839
97 3949
188 4001
283 3827
286 3827
71 3825
99 3822
358 3857
439 3852
446 4052
465 4039
506 4047
539 4055
542 4056
549 3857
550 4399
575 4061
630 4425
940 3863
940 4478
971 4111
1065 4127
1130 4124
1604 4330
2153 4427
2157 4431
89 4466
428 3889
595 4475
719 3919
1206 4171
1229 4304
1423 4218
1987 4394
2166 4433
2625 4512
2762 4536
2773 4506
2791 4542
3736 4529
549 3860
567 4059
1610 4300
1889 4039
551 3860
566 4059
725 3940
729 4265
3685 4265
1 3933
33 3961
36 3942
954 3926
973 3935
977 3911
981 3978
993 4113
1002 3957
1019 3892
3773 4742
3781 4117
1139 4148
470 4281
3779 4281
3 3970
21 3970
998 3970
1217 3970
1494 3970
1495 3970
1496 3970
85 4370
106 4375
803 4377
809 4371
1001 4378
1009 4373
1219 4372
1498 4374
1499 3834
1500 4380
1501 4379
1502 4376
554 4239
683 4229
986 4237
1127 4226
1263 4238
1331 4242
1470 4234
1503 4224
1504 4225
1505 4227
1506 4228
1507 4230
1508 4231
1509 4232
1510 4233
1511 4235
1512 4236
1513 4240
1514 4241
1515 4243
1516 4244
1517 4245
1611 4344
1612 4344
1613 4344
1614 4344
1618 4342
1615 4341
3 4342
1761 4314
1762 4314
1962 4415
3289 4393
3290 4393
3291 4393
3292 4393
3293 4393
3294 4393
3295 4393
3296 4393
3297 4393
3298 4393
3299 4393
3330 4264
3686 4264
1616 4345
976 4413
1617 4343
1619 4343
1620 4343
420 4381
2855 4381
1937 4382
1939 4382
2052 4221
74 4080
746 4077
1962 4391
1963 3969
1964 4392
1965 4076
1966 4746
1967 3997
1968 3992
1969 4075
1970 4078
1971 4079
1972 4081
2842 4553
2074 4405
2280 3870
3777 3895
435 4050